71 29 55 
28 78 25 
61 87 71 
85 60 19 
5 39 4 
22 90 84 
11 56 24 
92 17 8 
86 45 68 
23 62 19 
94 72 57 
99 17 94 
71 76 9 
91 69 56 
20 38 46 
56 90 41 
49 36 80 
25 17 90 
32 26 14 
97 16 78 
16 98 12 
51 71 94 
9 38 78 
27 55 36 
38 98 27 
11 42 70 
15 84 51 
20 13 93 
62 66 14 
50 91 38 
40 98 71 
11 82 24 
34 59 96 
95 46 38 
91 72 95 
74 30 71 
44 84 60 
9 12 55 
78 4 50 
88 34 68 
43 30 82 
71 89 71 
90 73 2 
61 64 42 
27 8 99 
96 43 96 
59 69 92 
43 85 10 
40 72 43 
99 90 3 
82 68 39 
35 32 35 
44 46 40 
76 23 8 
99 22 10 
45 84 60 
21 77 92 
21 46 43 
1 52 11 
45 48 57 
44 96 90 
9 87 40 
4 69 71 
28 67 62 
60 64 11 
19 42 43 
85 12 68 
3 68 48 
3 80 32 
3 8 98 
93 75 98 
27 91 97 
43 5 48 
30 59 16 
48 47 42 
9 38 38 
71 8 83 
44 73 0 
94 37 86 
89 35 75 
80 49 62 
88 67 67 
45 54 87 
6 98 4 
34 23 42 
11 73 19 
50 35 5 
0 57 72 
88 27 8 
69 4 18 
2 68 71 
27 15 32 
80 89 59 
13 58 51 
57 99 34 
9 22 70 
69 15 89 
56 1 29 
76 76 33 
43 61 83 
15 89 32 
2 53 61 
72 52 8 
29 74 18 
1 41 44 
61 71 37 
28 32 14 
24 41 31 
18 89 35 
11 59 7 
24 36 37 
92 86 61 
17 10 53 
0 67 10 
41 54 32 
47 13 1 
83 56 75 
40 19 45 
12 20 92 
76 32 51 
43 56 27 
79 13 19 
95 89 20 
2 10 14 
73 53 24 
31 58 1 
59 28 88 
57 39 52 
81 12 24 
2 48 48 
39 74 17 
75 41 96 
32 92 19 
